1.5234765234765235 0.31048821042033220
1.5469530469530470 0.28055523452744890
1.5704295704295705 0.25430206561827962
1.5939060939060938 0.23115694829845734
1.6173826173826173 0.21063374736920609
1.6408591408591409 0.19231699914821471
1.6643356643356644 0.17585074347324153
1.6878121878121879 0.16092990239771882
1.7112887112887112 0.14729333403433767
1.7347652347652347 0.13471798870752349
1.7582417582417582 0.12301460553755189
1.7817182817182817 0.11206996019918841
1.8051948051948052 0.10185145330811558
1.8286713286713288 0.92331309367892869E-001
1.8521478521478523 0.83480722030587470E-001
1.8756243756243756 0.75270236215233086E-001
1.8991008991008991 0.67670025378500837E-001
1.9225774225774226 0.60650118993694650E-001
1.9460539460539461 0.54180611674923190E-001
1.9695304695304694 0.48231867394183302E-001
1.9930069930069929 0.42774720137347205E-001
2.0164835164835164 0.37779945071905290E-001
2.0399600399600399 0.33212547089383405E-001
2.0634365634365635 0.29035939265890445E-001
2.0869130869130870 0.25216399499400792E-001
2.1103896103896105 0.21722921161167807E-001
2.1338661338661340 0.18527036076153490E-001
2.1573426573426575 0.15602637810177795E-001
2.1808191808191806 0.12925804745992420E-001
2.2042957042957045 0.10474624284609164E-001
2.2277722277722276 0.82290205659385288E-002
2.2512487512487511 0.61704585777489634E-002
2.2747252747252746 0.42833235666190905E-002
2.2982017982017982 0.25561104450660538E-002
2.3216783216783217 0.97870151236104097E-003
2.3451548451548452 -0.45858488718947266E-003
2.3686313686313687 -0.17650102062267969E-002
2.3921078921078922 -0.29494297672561925E-002
2.4155844155844157 -0.40203044631515750E-002
2.4390609390609388 -0.49857100199898197E-002
2.4625374625374628 -0.58533441296810262E-002
2.4860139860139858 -0.66305319859363970E-002
2.5094905094905098 -0.73241158981105642E-002
2.5329670329670328 -0.79406214007736037E-002
2.5564435564435564 -0.84855747458557479E-002
2.5799200799200799 -0.89643254204546524E-002
2.6033966033966034 -0.93819543847030173E-002
2.6268731268731269 -0.97432724008721938E-002
2.6503496503496504 -0.10052820919467437E-001
2.6738261738261739 -0.10314875381715369E-001
2.6973026973026970 -0.10533450721059393E-001
2.7207792207792210 -0.10712249201003568E-001
2.7442557442557440 -0.10854563746947390E-001
2.7677322677322680 -0.10963355308753253E-001
2.7912087912087911 -0.11041422637709256E-001
2.8146853146853146 -0.11091390597115114E-001
2.8381618381618381 -0.11115718320260620E-001
2.8616383616383616 -0.11116699009017017E-001
2.8851148851148851 -0.11096497503529104E-001
2.9085914085914086 -0.11057109476455398E-001
2.9320679320679321 -0.11000409519755075E-001
2.9555444555444552 -0.10928148622539102E-001
2.9790209790209792 -0.10841953779410343E-001
3.0024975024975022 -0.10743266746575095E-001
3.0259740259740262 -0.10633528153353763E-001
3.0494505494505493 -0.10513948274925827E-001
3.0729270729270728 -0.10385680905317024E-001
3.0964035964035963 -0.10249820386707978E-001
3.1198801198801198 -0.10107363582708681E-001
3.1433566433566433 -0.99592194750076912E-002
3.1668331668331668 -0.98062334997204847E-002
3.1903096903096904 -0.96491999087342378E-002
3.2137862137862134 -0.94888405275519172E-002
3.2372627372627374 -0.93258394918042248E-002
3.2607392607392605 -0.91607388667115930E-002
3.2842157842157844 -0.89940662856127229E-002
3.3076923076923075 -0.88263156854891389E-002
3.3311688311688314 -0.86579476542780337E-002
3.3546453546453545 -0.84893962001180989E-002
3.3781218781218780 -0.83210298391511867E-002
3.4015984015984015 -0.81531753411322183E-002
3.4250749250749251 -0.79861227013568875E-002
3.4485514485514486 -0.78201362929742890E-002
3.4720279720279721 -0.76554553249262858E-002
3.4955044955044956 -0.74922944211689019E-002
3.5189810189810191 -0.73308453229550957E-002
3.5424575424575426 -0.71712772989335483E-002
3.5659340659340657 -0.70137400509581033E-002
3.5894105894105892 -0.68583610123954808E-002
3.6128871128871127 -0.67052470026154748E-002
3.6363636363636362 -0.65544853237137074E-002
3.6598401598401598 -0.64061448927949238E-002
3.6833166833166833 -0.62602773983674032E-002
3.7067932067932068 -0.61169212486025804E-002
3.7302697302697303 -0.59761148392167840E-002
3.7537462537462538 -0.58379263807602083E-002
3.7772227772227773 -0.57024069317458820E-002
3.8006993006993008 -0.55695904332094814E-002
3.8241758241758239 -0.54394952766895072E-002
3.8476523476523474 -0.53121257994813431E-002
3.8711288711288709 -0.51874737053213549E-002
3.8946053946053945 -0.50655194092497358E-002
3.9180819180819180 -0.49462333059800828E-002
3.9415584415584415 -0.48295769616556045E-002
3.9650349650349650 -0.47155042293926253E-002
3.9885114885114885 -0.46039622894913090E-002
4.0119880119880120 -0.44948949013027539E-002
4.0354645354645360 -0.43882739414874555E-002
4.0589410589410591 -0.42840992146245954E-002
4.0824175824175821 -0.41823618821770353E-002
4.1058941058941052 -0.40830448089047705E-002
4.1293706293706292 -0.39861236307753151E-002
4.1528471528471531 -0.38915677303979629E-002
4.1763236763236762 -0.37993411255551335E-002
4.1998001998001993 -0.37094032762809426E-002
4.2232767232767232 -0.36217098157955707E-002
4.2467532467532472 -0.35362132104446026E-002
4.2702297702297702 -0.34528633536203002E-002
4.2937062937062933 -0.33716080984548952E-002
4.3171828171828173 -0.32923937338811826E-002
4.3406593406593412 -0.32151654084512232E-002
4.3641358641358643 -0.31398675060940601E-002
4.3876123876123874 -0.30664439777803865E-002
4.4110889110889104 -0.29948389168558687E-002
4.4345654345654344 -0.29250089330336432E-002
4.4580419580419584 -0.28569219389862760E-002
4.4815184815184814 -0.27905451646298013E-002
4.5049950049950045 -0.27258446255671032E-002
4.5284715284715285 -0.26627853941874613E-002
4.5519480519480524 -0.26013318394630808E-002
4.5754245754245755 -0.25414478383951056E-002
4.5989010989010985 -0.24830969618343662E-002
4.6223776223776225 -0.24262426371875201E-002
4.6458541458541456 -0.23708482903166128E-002
4.6693306693306695 -0.23168774687482296E-002
4.6928071928071926 -0.22642939481292423E-002
4.7162837162837157 -0.22130618236975291E-002
4.7397602397602396 -0.21631455883789757E-002
4.7632367632367636 -0.21145101989756832E-002
4.7867132867132867 -0.20671211317744992E-002
4.8101898101898097 -0.20209444287788009E-002
4.8336663336663337 -0.19759467356508520E-002
4.8571428571428577 -0.19320953323442025E-002
4.8806193806193807 -0.18893581573076884E-002
4.9040959040959038 -0.18477037128599716E-002
4.9275724275724269 -0.18071024544732139E-002
4.9510489510489508 -0.17675272555036231E-002
4.9745254745254748 -0.17289518991573660E-002
4.9980019980019978 -0.16913506438270415E-002
5.0214785214785209 -0.16546982373226160E-002
5.0449550449550449 -0.16189699278182645E-002
5.0684315684315688 -0.15841414719216795E-002
5.0919080919080919 -0.15501891402278506E-002
5.1153846153846150 -0.15170897206780581E-002
5.1388611388611389 -0.14848205200096998E-002
5.1623376623376629 -0.14533593635485537E-002
5.1858141858141860 -0.14226845935671056E-002
5.2092907092907090 -0.13927750664053246E-002
5.2327672327672321 -0.13636101485281216E-002
5.2562437562437561 -0.13351697116718853E-002
5.2797202797202800 -0.13074341272153317E-002
5.3031968031968031 -0.12803842598918674E-002
5.3266733266733262 -0.12540014609482286E-002
5.3501498501498501 -0.12282675608392135E-002
5.3736263736263741 -0.12031648615389162E-002
5.3971028971028971 -0.11786761285375730E-002
5.4205794205794202 -0.11547845825849862E-002
5.4440559440559442 -0.11314738912334421E-002
5.4675324675324672 -0.11087281602266269E-002
5.4910089910089912 -0.10865319247747862E-002
5.5144855144855143 -0.10648702401402227E-002
5.5379620379620382 -0.10437285931369777E-002
5.5614385614385613 -0.10230932894063488E-002
5.5849150849150853 -0.10029509206249676E-002
5.6083916083916083 -0.98328843466075067E-003
5.6318681318681314 -0.96409312839265682E-003
5.6553446553446554 -0.94535264049525058E-003
5.6788211788211784 -0.92705494420607104E-003
5.7022977022977024 -0.90918834009218186E-003
5.7257742257742255 -0.89174144882978035E-003
5.7492507492507494 -0.87470320401004942E-003
5.7727272727272725 -0.85806284498222973E-003
5.7962037962037964 -0.84180990974404291E-003
5.8196803196803195 -0.82593422788841686E-003
5.8431568431568435 -0.81042591361443761E-003
5.8666333666333665 -0.79527535880950795E-003
5.8901098901098896 -0.78047322620912463E-003
5.9135864135864136 -0.76601044263958917E-003
5.9370629370629366 -0.75187819234863451E-003
5.9605394605394606 -0.73806791042843600E-003
5.9840159840159837 -0.72457127633458740E-003
6.0074925074925076 -0.71138020750441400E-003
6.0309690309690307 -0.69848685307746794E-003
6.0544455544455547 -0.68588358772060654E-003
6.0779220779220777 -0.67356300556008220E-003
6.1013986013986017 -0.66151790853886949E-003
6.1248751248751248 -0.64974122965648362E-003
6.1483516483516478 -0.63822578246622297E-003
6.1718281718281718 -0.62696454310758043E-003
6.1953046953046949 -0.61595070514698647E-003
6.2187812187812188 -0.60517767282441959E-003
6.2422577422577419 -0.59463905448034482E-003
6.2657342657342658 -0.58432865615930252E-003
6.2892107892107889 -0.57424047538694178E-003
6.3126873126873129 -0.56436869511650167E-003
6.3361638361638359 -0.55470767784142339E-003
6.3596403596403599 -0.54525195987049913E-003
6.3831168831168830 -0.53599624576172733E-003
6.4065934065934069 -0.52693540291136320E-003
6.4300699300699300 -0.51806445629454245E-003
6.4535464535464531 -0.50937858335367570E-003
6.4770229770229770 -0.50087310903094984E-003
6.5004995004995001 -0.49254350094121713E-003
6.5239760239760241 -0.48438536468145554E-003
6.5474525474525471 -0.47639443927303959E-003
6.5709290709290711 -0.46856659273293577E-003
6.5944055944055942 -0.46089781776996464E-003
6.6178821178821181 -0.45338422760227148E-003
6.6413586413586412 -0.44602205189195332E-003
6.6648351648351651 -0.43880763279269264E-003
6.6883116883116882 -0.43173742110654001E-003
6.7117882117882113 -0.42480797254558500E-003
6.7352647352647352 -0.41801594409410225E-003
6.7587412587412583 -0.41135809046682903E-003
6.7822177822177823 -0.40483126065926633E-003
6.8056943056943053 -0.39843239458491053E-003
6.8291708291708293 -0.39215851979487737E-003
6.8526473526473524 -0.38600674827511672E-003
6.8761238761238763 -0.37997427331608324E-003
6.8996003996003994 -0.37405836644950619E-003
6.9230769230769234 -0.36825637444674875E-003
6.9465534465534464 -0.36256571637331703E-003
6.9700299700299695 -0.35698388069303755E-003
6.9935064935064934 -0.35150842241582492E-003
7.0169830169830165 -0.34613693696994297E-003
7.0404595404595405 -0.34086699248676855E-003
7.0639360639360635 -0.33569612509637414E-003
7.0874125874125875 -0.33062194637464848E-003
7.1108891108891106 -0.32564213041853807E-003
7.1343656343656345 -0.32075441069250032E-003
7.1578421578421576 -0.31595657688643364E-003
7.1813186813186816 -0.31124647177517561E-003
7.2047952047952046 -0.30662198806885588E-003
7.2282717282717286 -0.30208106524355627E-003
7.2517482517482517 -0.29762168634055175E-003
7.2752247752247747 -0.29324187472258567E-003
7.2987012987012987 -0.28893969077495307E-003
7.3221778221778218 -0.28471322853865222E-003
7.3456543456543457 -0.28056061226344742E-003
7.3691308691308688 -0.27647999286725677E-003
7.3926073926073927 -0.27246954429012427E-003
7.4160839160839158 -0.26852745972963388E-003
7.4395604395604398 -0.26465194774726031E-003
7.4630369630369628 -0.26084122823483158E-003
7.4865134865134868 -0.25709352823315157E-003
7.5099900099900099 -0.25340707759730074E-003
7.5334665334665329 -0.24978010450658894E-003
7.5569430569430569 -0.24621083082235207E-003
7.5804195804195800 -0.24269746730334885E-003
7.6038961038961039 -0.23923820869622969E-003
7.6273726273726270 -0.23583122873012397E-003
7.6508491508491510 -0.23247467505693731E-003
7.6743256743256740 -0.22916666419627030E-003
7.6978021978021980 -0.22590527656358994E-003
7.7212787212787211 -0.22268855168613988E-003
7.7447552447552450 -0.21951448373944138E-003
7.7682317682317681 -0.21638101757474881E-003
7.7917082917082912 -0.21328604544693097E-003
7.8151848151848151 -0.21022740470209855E-003
7.8386613386613382 -0.20720287673635374E-003
7.8621378621378621 -0.20421018759785026E-003
7.8856143856143852 -0.20124701066726036E-003
7.9090909090909092 -0.19831097191745639E-003
7.9325674325674322 -0.19539965831696926E-003
7.9560439560439562 -0.19251062999867119E-003
7.9795204795204793 -0.18964143685623602E-003
8.0029970029970023 -0.18678964024984590E-003
8.0264735264735272 -0.18395284048181026E-003
8.0499500499500503 -0.18112871063320768E-003
8.0734265734265733 -0.17831503721302266E-003
8.0969030969030964 -0.17550976784631855E-003
8.1203796203796195 -0.17271106590110996E-003
8.1438561438561443 -0.16991737151117459E-003
8.1673326673326674 -0.16712746789090960E-003
8.1908091908091905 -0.16434055116545943E-003
8.2142857142857153 -0.16155630118118436E-003
8.2377622377622366 -0.15877494996553720E-003
8.2612387612387614 -0.15599734374696639E-003
8.2847152847152845 -0.15322499381952015E-003
8.3081918081918076 -0.15046011200332832E-003
8.3316683316683324 -0.14770556514774602E-003
8.3551448551448537 -0.14496486187456914E-003
8.3786213786213786 -0.14224218645984832E-003
8.4020979020979016 -0.13954233449582631E-003
8.4255744255744247 -0.13687060784046967E-003
8.4490509490509496 -0.13423268027959456E-003
8.4725274725274726 -0.13163443904844196E-003
8.4960039960039957 -0.12908180972805161E-003
8.5194805194805205 -0.12658057386498445E-003
8.5429570429570418 -0.12413618968203088E-003
8.5664335664335667 -0.12175362627919739E-003
8.5899100899100898 -0.11943722073178009E-003
8.6133866133866128 -0.11719056559171548E-003
8.6368631368631377 -0.11501643173907061E-003
8.6603396603396590 -0.11291672864355284E-003
8.6838161838161838 -0.11089250124227124E-003
8.7072927072927069 -0.10894396013680363E-003
8.7307692307692299 -0.10707053989804372E-003
8.7542457542457548 -0.10527097906323779E-003
8.7777222777222779 -0.10354341493197528E-003
8.8011988011988009 -0.10188548643327855E-003
8.8246753246753258 -0.10029443900580470E-003
8.8481518481518471 -0.98767226434648414E-004
8.8716283716283719 -0.97300605756051040E-004
8.8951048951048950 -0.95891222528482478E-004
8.9185814185814181 -0.94535684870070136E-004
8.9420579420579429 -0.93230625604123762E-004
8.9655344655344642 -0.91972752606209185E-004
8.9890109890109891 -0.90758887998962368E-004
9.0124875124875121 -0.89585997210830937E-004
9.0359640359640352 -0.88451209125664509E-004
9.0594405594405600 -0.87351828636783591E-004
9.0829170829170831 -0.86285342909234175E-004
9.1063936063936062 -0.85249422579938838E-004
9.1298701298701310 -0.84241919010505373E-004
9.1533466533466523 -0.83260858569841889E-004
9.1768231768231772 -0.82304434781438340E-004
9.2002997002997002 -0.81370999028967939E-004
9.2237762237762233 -0.80459050384215636E-004
9.2472527472527482 -0.79567225003920883E-004
9.2707292707292694 -0.78694285441577305E-004
9.2942057942057943 -0.77839110132912892E-004
9.3176823176823174 -0.77000683243538814E-004
9.3411588411588404 -0.76178085008288265E-004
9.3646353646353653 -0.75370482646108794E-004
9.3881118881118883 -0.74577121897803633E-004
9.4115884115884114 -0.73797319206786449E-004
9.4350649350649345 -0.73030454541531120E-004
9.4585414585414576 -0.72275964844520368E-004
9.4820179820179824 -0.71533338081353204E-004
9.5054945054945055 -0.70802107857009799E-004
9.5289710289710285 -0.70081848562109084E-004
9.5524475524475516 -0.69372171010370631E-004
9.5759240759240765 -0.68672718527326704E-004
9.5994005994005995 -0.67983163451537654E-004
9.6228771228771226 -0.67303204010632500E-004
9.6463536463536457 -0.66632561536605905E-004
9.6698301698301705 -0.65970977986884449E-004
9.6933066933066936 -0.65318213740131470E-004
9.7167832167832167 -0.64674045638452027E-004
9.7402597402597397 -0.64038265249505288E-004
9.7637362637362628 -0.63410677325154152E-004
9.7872127872127876 -0.62791098434947235E-004
9.8106893106893107 -0.62179355755115351E-004
9.8341658341658338 -0.61575285995582596E-004
9.8576423576423569 -0.60978734449670946E-004
9.8811188811188817 -0.60389554152079361E-004
9.9045954045954048 -0.59807605133091468E-004
9.9280719280719278 -0.59232753757867962E-004
9.9515484515484509 -0.58664872140720692E-004
9.9750249750249740 -0.58103837626083399E-004
9.9985014985014988 -0.57549532327949571E-004
10.021978021978022 -0.57001842721254858E-004
10.045454545454545 -0.56460659279070069E-004
10.068931068931068 -0.55925876150039744E-004
10.092407592407593 -0.55397390871680940E-004
10.115884115884116 -0.54875104114976425E-004
10.139360639360639 -0.54358919456917731E-004
10.162837162837162 -0.53848743177389857E-004
10.186313686313687 -0.53344484077746945E-004
10.209790209790210 -0.52846053318705843E-004
10.233266733266733 -0.52353364274809744E-004
10.256743256743256 -0.51866332403949222E-004
10.280219780219779 -0.51384875130053298E-004
10.303696303696304 -0.50908911737451712E-004
10.327172827172827 -0.50438363275354114E-004
10.350649350649350 -0.49973152471780025E-004
10.374125874125873 -0.49513203655149329E-004
10.397602397602398 -0.49058442683311276E-004
10.421078921078921 -0.48608796878749083E-004
10.444555444555444 -0.48164194969516072E-004
10.468031968031967 -0.47724567035056786E-004
10.491508491508492 -0.47289844456468999E-004
10.514985014985015 -0.46859959870762524E-004
10.538461538461538 -0.46434847128656864E-004
10.561938061938061 -0.46014441255293193E-004
10.585414585414584 -0.45598678414041083E-004
10.608891108891109 -0.45187495872553440E-004
10.632367632367632 -0.44780831971222290E-004
10.655844155844155 -0.44378626093508067E-004
10.679320679320679 -0.43980818638156283E-004
10.702797202797203 -0.43587350992996265E-004
10.726273726273726 -0.43198165510197062E-004
10.749750249750250 -0.42813205482855610E-004
10.773226773226773 -0.42432415122750644E-004
10.796703296703296 -0.42055739539206827E-004
10.820179820179820 -0.41683124718930320E-004
10.843656343656344 -0.41314517506760295E-004
10.867132867132867 -0.40949865587155965E-004
10.890609390609390 -0.40589117466557911E-004
10.914085914085915 -0.40232222456387801E-004
10.937562437562438 -0.39879130656617079E-004
10.961038961038961 -0.39529792939946296E-004
10.984515484515484 -0.39184160936733825E-004
11.007992007992009 -0.38842187020035612E-004
11.031468531468532 -0.38503824291408195E-004
11.054945054945055 -0.38169026567197450E-004
11.078421578421578 -0.37837748364910606E-004
11.101898101898101 -0.37509944890282143E-004
11.125374625374626 -0.37185572024603375E-004
11.148851148851149 -0.36864586312343461E-004
11.172327672327672 -0.36546944949200633E-004
11.195804195804195 -0.36232605770264437E-004
11.219280719280720 -0.35921527238760853E-004
11.242757242757243 -0.35613668434825163E-004
11.266233766233766 -0.35308989044677275E-004
11.289710289710289 -0.35007449349894193E-004
11.313186813186814 -0.34709010217223724E-004
11.336663336663337 -0.34413633088287154E-004
11.360139860139860 -0.34121279969684393E-004
11.383616383616383 -0.33831913423376658E-004
11.407092907092906 -0.33545496557083054E-004
11.430569430569431 -0.33261993015121227E-004
11.454045954045954 -0.32981366969164760E-004
11.477522477522477 -0.32703583109458534E-004
11.500999000999000 -0.32428606635992452E-004
11.524475524475525 -0.32156403250035992E-004
11.547952047952048 -0.31886939145686632E-004
11.571428571428571 -0.31620181001723591E-004
11.594905094905094 -0.31356095973517073E-004
11.618381618381617 -0.31094651685145691E-004
11.641858141858142 -0.30835816221680412E-004
11.665334665334665 -0.30579558121537898E-004
11.688811188811188 -0.30325846369097520E-004
11.712287712287711 -0.30074650387401647E-004
11.735764235764236 -0.29825940030953069E-004
11.759240759240759 -0.29579685578678960E-004
11.782717282717282 -0.29335857727116887E-004
11.806193806193805 -0.29094427583559179E-004
11.829670329670330 -0.28855366659488735E-004
11.853146853146853 -0.28618646863973196E-004
11.876623376623376 -0.28384240497392188E-004
11.900099900099899 -0.28152120245011902E-004
11.923576423576423 -0.27922259170976016E-004
11.947052947052947 -0.27694630712130075E-004
11.970529470529470 -0.27469208672165069E-004
11.994005994005994 -0.27245967215747124E-004
12.017482517482517 -0.27024880862785983E-004
12.040959040959041 -0.26805924482814492E-004
12.064435564435565 -0.26589073289534637E-004
12.087912087912088 -0.26374302835308061E-004
12.111388611388611 -0.26161589005813113E-004
12.134865134865136 -0.25950908014965579E-004
12.158341658341659 -0.25742236399575735E-004
12.181818181818182 -0.25535551014504998E-004
12.205294705294705 -0.25330829027545021E-004
12.228771228771228 -0.25128047914685370E-004
12.252247752247753 -0.24927185455200784E-004
12.275724275724276 -0.24728219727029876E-004
12.299200799200799 -0.24531129102167704E-004
12.322677322677322 -0.24335892242127732E-004
12.346153846153847 -0.24142488093417680E-004
12.369630369630370 -0.23950895883251277E-004
12.393106893106893 -0.23761095115162889E-004
12.416583416583416 -0.23573065564899687E-004
12.440059940059939 -0.23386787276133414E-004
12.463536463536464 -0.23202240556449705E-004
12.487012987012987 -0.23019405973323526E-004
12.510489510489510 -0.22838264350205639E-004
12.533966033966033 -0.22658796762609068E-004
12.557442557442558 -0.22480984534251069E-004
12.580919080919081 -0.22304809233472667E-004
12.604395604395604 -0.22130252669380623E-004
12.627872127872127 -0.21957296888350242E-004
12.651348651348652 -0.21785924170361626E-004
12.674825174825175 -0.21616117025655135E-004
12.698301698301698 -0.21447858191150915E-004
12.721778221778221 -0.21281130627132105E-004
12.745254745254744 -0.21115917513941929E-004
12.768731268731269 -0.20952202248708529E-004
12.792207792207792 -0.20789968442055939E-004
12.815684315684315 -0.20629199915092600E-004
12.839160839160838 -0.20469880696205589E-004
12.862637362637363 -0.20311995018007512E-004
12.886113886113886 -0.20155527314338895E-004
12.909590409590409 -0.20000462217423243E-004
12.933066933066932 -0.19846784554800045E-004
12.956543456543457 -0.19694479346576976E-004
12.980019980019980 -0.19543531802612701E-004
13.003496503496503 -0.19393927319713566E-004
13.026973026973026 -0.19245651478955184E-004
13.050449550449549 -0.19098690042962385E-004
13.073926073926074 -0.18953028953383466E-004
13.097402597402597 -0.18808654328170138E-004
13.120879120879120 -0.18665552459148915E-004
13.144355644355644 -0.18523709809495359E-004
13.167832167832168 -0.18383113011208319E-004
13.191308691308691 -0.18243748862736830E-004
13.214785214785215 -0.18105604326648650E-004
13.238261738261738 -0.17968666527215515E-004
13.261738261738261 -0.17832922748095559E-004
13.285214785214785 -0.17698360430168369E-004
13.308691308691309 -0.17564967169189649E-004
13.332167832167832 -0.17432730713667910E-004
13.355644355644355 -0.17301638962657906E-004
13.379120879120880 -0.17171679963706721E-004
13.402597402597403 -0.17042841910661077E-004
13.426073926073926 -0.16915113141682814E-004
13.449550449550449 -0.16788482137181093E-004
13.473026973026974 -0.16662937517925025E-004
13.496503496503497 -0.16538468042850973E-004
13.519980019980020 -0.16415062607452735E-004
13.543456543456543 -0.16292710241533337E-004
13.566933066933066 -0.16171400107650724E-004
13.590409590409591 -0.16051121499049970E-004
13.613886113886114 -0.15931863837942428E-004
13.637362637362637 -0.15813616673757136E-004
13.660839160839160 -0.15696369681308942E-004
13.684315684315685 -0.15580112659119294E-004
13.707792207792208 -0.15464835527653764E-004
13.731268731268731 -0.15350528327767732E-004
13.754745254745254 -0.15237181218916152E-004
13.778221778221779 -0.15124784477654751E-004
13.801698301698302 -0.15013328495905309E-004
13.825174825174825 -0.14902803779553997E-004
13.848651348651348 -0.14793200946702778E-004
13.872127872127871 -0.14684510726337141E-004
13.895604395604396 -0.14576723956688520E-004
13.919080919080919 -0.14469831583791004E-004
13.942557442557442 -0.14363824660107438E-004
13.966033966033965 -0.14258694342905720E-004
13.989510489510490 -0.14154431893051433E-004
14.012987012987013 -0.14051028673509047E-004
14.036463536463536 -0.13948476147968014E-004
14.059940059940059 -0.13846765879552136E-004
14.083416583416582 -0.13745889529417910E-004
14.106893106893107 -0.13645838855519399E-004
14.130369630369630 -0.13546605711220461E-004
14.153846153846153 -0.13448182044184520E-004
14.177322677322676 -0.13350559894931280E-004
14.200799200799201 -0.13253731395754254E-004
14.224275724275724 -0.13157688769457887E-004
14.247752247752247 -0.13062424328136313E-004
14.271228771228770 -0.12967930472021494E-004
14.294705294705295 -0.12874199688303611E-004
14.318181818181818 -0.12781224550090231E-004
14.341658341658341 -0.12688997715060157E-004
14.365134865134864 -0.12597511924589133E-004
14.388611388611388 -0.12506760002542472E-004
14.412087912087912 -0.12416734854206468E-004
14.435564435564435 -0.12327429465178175E-004
14.459040959040959 -0.12238836900491101E-004
14.482517482517482 -0.12150950303380093E-004
14.505994005994006 -0.12063762894420904E-004
14.529470529470530 -0.11977267970406102E-004
14.552947052947053 -0.11891458903484642E-004
14.576423576423576 -0.11806329140093275E-004
14.599900099900101 -0.11721872200040617E-004
14.623376623376624 -0.11638081675577339E-004
14.646853146853147 -0.11554951230410837E-004
14.670329670329670 -0.11472474598872573E-004
14.693806193806193 -0.11390645584974379E-004
14.717282717282718 -0.11309458061478650E-004
14.740759240759241 -0.11228905969079550E-004
14.764235764235764 -0.11148983315514838E-004
14.787712287712287 -0.11069684174733196E-004
14.811188811188812 -0.10991002686047691E-004
14.834665334665335 -0.10912933053275342E-004
14.858141858141858 -0.10835469543946097E-004
14.881618381618381 -0.10758606488553424E-004
14.905094905094904 -0.10682338279638381E-004
14.928571428571429 -0.10606659371151239E-004
14.952047952047952 -0.10531564277563299E-004
14.975524475524475 -0.10457047573173006E-004
14.999000999000998 -0.10383103891342671E-004
15.022477522477523 -0.10309727923749068E-004
15.045954045954046 -0.10236914419675669E-004
15.069430569430569 -0.10164658185277120E-004
15.092907092907092 -0.10092954082885353E-004
15.116383616383617 -0.10021797030301816E-004
15.139860139860140 -0.99511820001452200E-005
15.163336663336663 -0.98811040191160160E-005
15.186813186813186 -0.98115581673441365E-005
15.210289710289709 -0.97425395778061308E-005
15.233766233766234 -0.96740434355202520E-005
15.257242757242757 -0.96060649770884909E-005
15.280719280719280 -0.95385994899055415E-005
15.304195804195803 -0.94716423116730786E-005
15.327672327672328 -0.94051888296503572E-005
15.351148851148851 -0.93392344801407345E-005
15.374625374625374 -0.92737747478810473E-005
15.398101898101897 -0.92088051654448666E-005
15.421578421578422 -0.91443213126318756E-005
15.445054945054945 -0.90803188159127579E-005
15.468531468531468 -0.90167933479018414E-005
15.492007992007991 -0.89537406267603536E-005
15.515484515484514 -0.88911564156274325E-005
15.538961038961039 -0.88290365221344036E-005
15.562437562437562 -0.87673767978219130E-005
15.585914085914085 -0.87061731376264495E-005
15.609390609390609 -0.86454214793807438E-005
15.632867132867133 -0.85851178032586573E-005
15.656343656343656 -0.85252581313033371E-005
15.679820179820180 -0.84658385269553715E-005
15.703296703296703 -0.84068550944144116E-005
15.726773226773226 -0.83483039783616153E-005
15.750249750249750 -0.82901813633212695E-005
15.773726273726274 -0.82324834732583341E-005
15.797202797202797 -0.81752065711065969E-005
15.820679320679320 -0.81183469582690737E-005
15.844155844155845 -0.80619009742016745E-005
15.867632367632368 -0.80058649959691142E-005
15.891108891108891 -0.79502354377591899E-005
15.914585414585414 -0.78950087504942035E-005
15.938061938061939 -0.78401814213591159E-005
15.961538461538462 -0.77857499734129698E-005
15.985014985014985 -0.77317109651309224E-005
16.008491508491510 -0.76780609900434227E-005
16.031968031968031 -0.76247966762643671E-005
16.055444555444556 -0.75719146861441544E-005
16.078921078921077 -0.75194117157978413E-005
16.102397602397602 -0.74672844948275863E-005
16.125874125874127 -0.74155297858230496E-005
16.149350649350652 -0.73641443840283261E-005
16.172827172827173 -0.73131251169533673E-005
16.196303696303694 -0.72624688440547924E-005
16.219780219780219 -0.72121724562501655E-005
16.243256743256744 -0.71622328756820730E-005
16.266733266733269 -0.71126470552740351E-005
16.290209790209790 -0.70634119784251936E-005
16.313686313686311 -0.70145246586078569E-005
16.337162837162836 -0.69659821391038212E-005
16.360639360639361 -0.69177814925880377E-005
16.384115884115886 -0.68699198208233003E-005
16.407592407592407 -0.68223942543410576E-005
16.431068931068928 -0.67752019520944673E-005
16.454545454545453 -0.67283401011392074E-005
16.478021978021978 -0.66818059163420429E-005
16.501498501498503 -0.66355966400061250E-005
16.524975024975024 -0.65897095416073137E-005
16.548451548451546 -0.65441419174888660E-005
16.571928071928070 -0.64988910905422470E-005
16.595404595404595 -0.64539544099156965E-005
16.618881118881120 -0.64093292506950394E-005
16.642357642357641 -0.63650130136538863E-005
16.665834165834166 -0.63210031249344434E-005
16.689310689310688 -0.62772970357838354E-005
16.712787212787212 -0.62338922222626714E-005
16.736263736263737 -0.61907861849536117E-005
16.759740259740262 -0.61479764487115673E-005
16.783216783216783 -0.61054605623861447E-005
16.806693306693305 -0.60632360985718448E-005
16.830169830169829 -0.60213006533027524E-005
16.853646353646354 -0.59796518458166137E-005
16.877122877122879 -0.59382873183189133E-005
16.900599400599400 -0.58972047356775636E-005
16.924075924075922 -0.58564017852563710E-005
16.947552447552447 -0.58158761765542133E-005
16.971028971028971 -0.57756256410662621E-005
16.994505494505496 -0.57356479319786713E-005
17.017982017982018 -0.56959408239604103E-005
17.041458541458539 -0.56565021128995863E-005
17.064935064935064 -0.56173296156952768E-005
17.088411588411589 -0.55784211700632413E-005
17.111888111888113 -0.55397746341889764E-005
17.135364635364635 -0.55013878866722044E-005
17.158841158841156 -0.54632588261382953E-005
17.182317682317681 -0.54253853711411226E-005
17.205794205794206 -0.53877654599132629E-005
17.229270729270731 -0.53503970501161957E-005
17.252747252747252 -0.53132781186598921E-005
17.276223776223777 -0.52764066615224037E-005
17.299700299700298 -0.52397806934861846E-005
17.323176823176823 -0.52033982479576801E-005
17.346653346653348 -0.51672573768146712E-005
17.370129870129869 -0.51313561501425964E-005
17.393606393606394 -0.50956926560402627E-005
17.417082917082915 -0.50602650004949457E-005
17.440559440559440 -0.50250713071048336E-005
17.464035964035965 -0.49901097169680053E-005
17.487512487512490 -0.49553783884465075E-005
17.510989010989011 -0.49208754969720658E-005
17.534465534465536 -0.48865992349350629E-005
17.557942057942057 -0.48525478114208598E-005
17.581418581418582 -0.48187194520848964E-005
17.604895104895103 -0.47851123989584021E-005
17.628371628371628 -0.47517249102818626E-005
17.651848151848153 -0.47185552603384862E-005
17.675324675324674 -0.46856017392460370E-005
17.698801198801199 -0.46528626528596906E-005
17.722277722277720 -0.46203363225499894E-005
17.745754245754245 -0.45880210850501868E-005
17.769230769230770 -0.45559152923313473E-005
17.792707292707291 -0.45240173113664239E-005
17.816183816183816 -0.44923255240608695E-005
17.839660339660341 -0.44608383270583474E-005
17.863136863136862 -0.44295541315464426E-005
17.886613386613387 -0.43984713632011507E-005
17.910089910089908 -0.43675884619231997E-005
17.933566433566433 -0.43369038817686612E-005
17.957042957042958 -0.43064160907824167E-005
17.980519480519479 -0.42761235708593803E-005
18.003996003996004 -0.42460248175640869E-005
18.027472527472526 -0.42161183400474256E-005
18.050949050949050 -0.41864026608523508E-005
18.074425574425575 -0.41568763158167377E-005
18.097902097902097 -0.41275378538929708E-005
18.121378621378621 -0.40983858370646775E-005
18.144855144855146 -0.40694188401940723E-005
18.168331668331668 -0.40406354508554232E-005
18.191808191808192 -0.40120342692379074E-005
18.215284715284714 -0.39836139080345889E-005
18.238761238761239 -0.39553729922758851E-005
18.262237762237763 -0.39273101592185444E-005
18.285714285714285 -0.38994240582207462E-005
18.309190809190810 -0.38717133506172008E-005
18.332667332667331 -0.38441767096220048E-005
18.356143856143856 -0.38168128201482299E-005
18.379620379620381 -0.37896203787662897E-005
18.403096903096902 -0.37625980935374059E-005
18.426573426573427 -0.37357446838887087E-005
18.450049950049948 -0.37090588805160918E-005
18.473526473526473 -0.36825394253148236E-005
18.497002997002998 -0.36561850711713806E-005
18.520479520479519 -0.36299945819356916E-005
18.543956043956044 -0.36039667322684821E-005
18.567432567432569 -0.35781003075441298E-005
18.590909090909090 -0.35523941037673978E-005
18.614385614385615 -0.35268469273930236E-005
18.637862137862136 -0.35014575953395966E-005
18.661338661338661 -0.34762249347397578E-005
18.684815184815186 -0.34511477829957116E-005
18.708291708291707 -0.34262249875433026E-005
18.731768231768232 -0.34014554058242608E-005
18.755244755244753 -0.33768379051613007E-005
18.778721278721278 -0.33523713626887330E-005
18.802197802197803 -0.33280546651998089E-005
18.825674325674324 -0.33038867091328417E-005
18.849150849150849 -0.32798664003769185E-005
18.872627372627374 -0.32559926542857776E-005
18.896103896103895 -0.32322643954696417E-005
18.919580419580420 -0.32086805578090960E-005
18.943056943056941 -0.31852400843163098E-005
18.966533466533466 -0.31619419270240146E-005
18.990009990009991 -0.31387850469299927E-005
19.013486513486512 -0.31157684139138109E-005
19.036963036963037 -0.30928910066257975E-005
19.060439560439558 -0.30701518124037763E-005
19.083916083916083 -0.30475498272314328E-005
19.107392607392608 -0.30250840555856584E-005
19.130869130869129 -0.30027535103810399E-005
19.154345654345654 -0.29805572129282254E-005
19.177822177822179 -0.29584941928090247E-005
19.201298701298700 -0.29365634877792646E-005
19.224775224775225 -0.29147641437549110E-005
19.248251748251747 -0.28930952146594135E-005
19.271728271728271 -0.28715557624237054E-005
19.295204795204796 -0.28501448568057919E-005
19.318681318681318 -0.28288615754601398E-005
19.342157842157842 -0.28077050036878770E-005
19.365634365634364 -0.27866742345339368E-005
19.389110889110889 -0.27657683685650136E-005
19.412587412587413 -0.27449865139250740E-005
19.436063936063935 -0.27243277861549453E-005
19.459540459540460 -0.27037913081923159E-005
19.483016983016984 -0.26833762102745906E-005
19.506493506493506 -0.26630816298833793E-005
19.529970029970031 -0.26429067116473526E-005
19.553446553446552 -0.26228506072867308E-005
19.576923076923077 -0.26029124755716504E-005
19.600399600399601 -0.25830914822388973E-005
19.623876123876123 -0.25633867998947624E-005
19.647352647352648 -0.25437976080011637E-005
19.670829170829169 -0.25243230927785021E-005
19.694305694305694 -0.25049624471362719E-005
19.717782217782219 -0.24857148706314280E-005
19.741258741258740 -0.24665795694267523E-005
19.764735264735265 -0.24475557561659533E-005
19.788211788211790 -0.24286426499459113E-005
19.811688311688311 -0.24098394762750441E-005
19.835164835164836 -0.23911454669900412E-005
19.858641358641357 -0.23725598602003517E-005
19.882117882117882 -0.23540819002326741E-005
19.905594405594407 -0.23357108375476887E-005
19.929070929070928 -0.23174459287539362E-005
19.952547452547453 -0.22992864364551613E-005
19.976023976023974 -0.22812316292641910E-005
19.999500499500499 -0.22632807817335454E-005
20.022977022977024 -0.22454331742860489E-005
20.046453546453545 -0.22276880931454413E-005
20.069930069930070 -0.22100448303224995E-005
20.093406593406591 -0.21925026835456496E-005
20.116883116883116 -0.21750609561915768E-005
20.140359640359641 -0.21577189572574706E-005
20.163836163836162 -0.21404760012916357E-005
20.187312687312687 -0.21233314083379806E-005
20.210789210789212 -0.21062845039360178E-005
20.234265734265733 -0.20893346189820861E-005
20.257742257742258 -0.20724810897571055E-005
20.281218781218779 -0.20557232578433116E-005
20.304695304695304 -0.20390604700687431E-005
20.328171828171829 -0.20224920784933653E-005
20.351648351648350 -0.20060174403258024E-005
20.375124875124875 -0.19896359178817047E-005
20.398601398601397 -0.19733468785837482E-005
20.422077922077921 -0.19571496948228573E-005
20.445554445554446 -0.19410437439998374E-005
20.469030969030968 -0.19250284084559866E-005
20.492507492507492 -0.19091030753898286E-005
20.515984015984017 -0.18932671368709908E-005
20.539460539460539 -0.18775199897569372E-005
20.562937062937063 -0.18618610356652132E-005
20.586413586413585 -0.18462896808901785E-005
20.609890109890109 -0.18308053364723964E-005
20.633366633366634 -0.18154074180043445E-005
20.656843156843156 -0.18000953456998037E-005
20.680319680319680 -0.17848685443244694E-005
20.703796203796202 -0.17697264431265625E-005
20.727272727272727 -0.17546684758507070E-005
20.750749250749251 -0.17396940806407857E-005
20.774225774225773 -0.17248027000121846E-005
20.797702297702298 -0.17099937808517929E-005
20.821178821178822 -0.16952667743624916E-005
20.844655344655344 -0.16806211359798873E-005
20.868131868131869 -0.16660563254000671E-005
20.891608391608390 -0.16515718064824547E-005
20.915084915084915 -0.16371670472914435E-005
20.938561438561440 -0.16228415199437407E-005
20.962037962037961 -0.16085947006916346E-005
20.985514485514486 -0.15944260698258494E-005
21.008991008991007 -0.15803351116061570E-005
21.032467532467532 -0.15663213143168875E-005
21.055944055944057 -0.15523841701559071E-005
21.079420579420578 -0.15385231752346185E-005
21.102897102897103 -0.15247378295224490E-005
21.126373626373628 -0.15110276368607289E-005
21.149850149850149 -0.14973921048377914E-005
21.173326673326674 -0.14838307448722388E-005
21.196803196803195 -0.14703430720602872E-005
21.220279720279720 -0.14569286052451558E-005
21.243756243756245 -0.14435868669337992E-005
21.267232767232766 -0.14303173832413973E-005
21.290709290709291 -0.14171196839329880E-005
21.314185814185812 -0.14039933023402007E-005
21.337662337662337 -0.13909377753057450E-005
21.361138861138862 -0.13779526432389222E-005
21.384615384615383 -0.13650374499768470E-005
21.408091908091908 -0.13521917428677144E-005
21.431568431568433 -0.13394150726320220E-005
21.455044955044954 -0.13267069934042031E-005
21.478521478521479 -0.13140670627048712E-005
21.501998001998000 -0.13014948413575533E-005
21.525474525474525 -0.12889898935164457E-005
21.548951048951050 -0.12765517865831466E-005
21.572427572427571 -0.12641800912344126E-005
21.595904095904096 -0.12518743813805244E-005
21.619380619380618 -0.12396342340958988E-005
21.642857142857142 -0.12274592296190878E-005
21.666333666333667 -0.12153489513805349E-005
21.689810189810188 -0.12033029858499189E-005
21.713286713286713 -0.11913209226471766E-005
21.736763236763235 -0.11794023544176024E-005
21.760239760239759 -0.11675468768457264E-005
21.783716283716284 -0.11557540886136808E-005
21.807192807192806 -0.11440235914289554E-005
21.830669330669330 -0.11323549898856200E-005
21.854145854145855 -0.11207478915892244E-005
21.877622377622377 -0.11092019069902648E-005
21.901098901098901 -0.10977166494535728E-005
21.924575424575423 -0.10862917351750490E-005
21.948051948051948 -0.10749267832232956E-005
21.971528471528472 -0.10636214154424728E-005
21.995004995004994 -0.10523752564661759E-005
22.018481518481519 -0.10411879337174357E-005
22.041958041958040 -0.10300590773393292E-005
22.065434565434565 -0.10189883201811023E-005
22.088911088911090 -0.10079752977981693E-005
22.112387612387611 -0.99701964841047985E-006
22.135864135864136 -0.98612101291639664E-006
22.159340659340661 -0.97527903478167310E-006
22.182817182817182 -0.96449336013659792E-006
22.206293706293707 -0.95376363765109495E-006
22.229770229770228 -0.94308951857635659E-006
22.253246753246753 -0.93247065668933260E-006
22.276723276723278 -0.92190670832048571E-006
22.300199800199799 -0.91139733224276931E-006
22.323676323676324 -0.90094218974101636E-006
22.347152847152845 -0.89054094457030608E-006
22.370629370629370 -0.88019326287269717E-006
22.394105894105895 -0.86989881326049456E-006
22.417582417582416 -0.85965726669134934E-006
22.441058941058941 -0.84946829653764766E-006
22.464535464535466 -0.83933157850324402E-006
22.488011988011987 -0.82924679063733908E-006
22.511488511488512 -0.81921361330672404E-006
22.534965034965033 -0.80923172918190289E-006
22.558441558441558 -0.79930082320933682E-006
22.581918081918083 -0.78942058258368863E-006
22.605394605394604 -0.77959069676170056E-006
22.628871128871129 -0.76981085740668309E-006
22.652347652347650 -0.76008075838851497E-006
22.675824175824175 -0.75040009579752098E-006
22.699300699300700 -0.74076856783344969E-006
22.722777222777221 -0.73118587488874009E-006
22.746253746253746 -0.72165171949301055E-006
22.769730269730271 -0.71216580628530313E-006
22.793206793206792 -0.70272784198632809E-006
22.816683316683317 -0.69333753541234167E-006
22.840159840159838 -0.68399459744739044E-006
22.863636363636363 -0.67469874104331140E-006
22.887112887112888 -0.66544968113646519E-006
22.910589410589409 -0.65624713471712504E-006
22.934065934065934 -0.64709082077396562E-006
22.957542457542456 -0.63798046025242972E-006
22.981018981018980 -0.62891577609636151E-006
23.004495504495505 -0.61989649317861772E-006
23.027972027972027 -0.61092233831494536E-006
23.051448551448551 -0.60199304023622613E-006
23.074925074925076 -0.59310832960235427E-006
23.098401598401598 -0.58426793893284756E-006
23.121878121878122 -0.57547160262072516E-006
23.145354645354644 -0.56671905694638536E-006
23.168831168831169 -0.55801004000821663E-006
23.192307692307693 -0.54934429175035326E-006
23.215784215784215 -0.54072155392104193E-006
23.239260739260740 -0.53214157005876395E-006
23.262737262737261 -0.52360408553386861E-006
23.286213786213786 -0.51510884742367313E-006
23.309690309690311 -0.50665560460960712E-006
23.333166833166832 -0.49824410770782368E-006
23.356643356643357 -0.48987410905532158E-006
23.380119880119878 -0.48154536270994530E-006
23.403596403596403 -0.47325762443650721E-006
23.427072927072928 -0.46501065166515421E-006
23.450549450549449 -0.45680420353300111E-006
23.474025974025974 -0.44863804084249725E-006
23.497502497502499 -0.44051192599203759E-006
23.520979020979020 -0.43242562308698496E-006
23.544455544455545 -0.42437889781477001E-006
23.567932067932066 -0.41637151747264678E-006
23.591408591408591 -0.40840325096769270E-006
23.614885114885116 -0.40047386878905300E-006
23.638361638361637 -0.39258314300794073E-006
23.661838161838162 -0.38473084723600337E-006
23.685314685314683 -0.37691675665307844E-006
23.708791208791208 -0.36914064795168233E-006
23.732267732267733 -0.36140229939252144E-006
23.755744255744254 -0.35370149067959211E-006
23.779220779220779 -0.34603800309895849E-006
23.802697302697304 -0.33841161935221908E-006
23.826173826173825 -0.33082212366752906E-006
23.849650349650350 -0.32326930170245571E-006
23.873126873126871 -0.31575294061336745E-006
23.896603396603396 -0.30827282895828922E-006
23.920079920079921 -0.30082875675241372E-006
23.943556443556442 -0.29342051539871239E-006
23.967032967032967 -0.28604789775732442E-006
23.990509490509488 -0.27871069804841220E-006
24.013986013986013 -0.27140871190767246E-006
24.037462537462538 -0.26414173633082516E-006
24.060939060939059 -0.25690956968749123E-006
24.084415584415584 -0.24971201169343704E-006
24.107892107892109 -0.24254886341057436E-006
24.131368631368630 -0.23541992726083816E-006
24.154845154845155 -0.22832500697067548E-006
24.178321678321677 -0.22126390757104542E-006
24.201798201798201 -0.21423643542517468E-006
24.225274725274726 -0.20724239817304646E-006
24.248751248751248 -0.20028160473140044E-006
24.272227772227772 -0.19335386533536614E-006
24.295704295704294 -0.18645899142744060E-006
24.319180819180819 -0.17959679574075516E-006
24.342657342657343 -0.17276709224356424E-006
24.366133866133865 -0.16596969616700097E-006
24.389610389610390 -0.15920442392181045E-006
24.413086913086914 -0.15247109316773866E-006
24.436563436563436 -0.14576952277189914E-006
24.460039960039961 -0.13909953278101739E-006
24.483516483516482 -0.13246094447694201E-006
24.506993006993007 -0.12585358027950022E-006
24.530469530469531 -0.11927726378813119E-006
24.553946053946053 -0.11273181979576385E-006
24.577422577422578 -0.10621707419167237E-006
24.600899100899099 -0.99732854086376221E-007
24.624375624375624 -0.93278987658984569E-007
24.647852147852149 -0.86855304268218525E-007
24.671328671328670 -0.80461634369144441E-007
24.694805194805195 -0.74097809527051695E-007
24.718281718281720 -0.67763662417452686E-007
24.741758241758241 -0.61459026798327265E-007
24.765234765234766 -0.55183737565633884E-007
24.788711288711287 -0.48937630614531713E-007
24.812187812187812 -0.42720542978158527E-007
24.835664335664337 -0.36532312716608395E-007
24.859140859140858 -0.30372778958565050E-007
24.882617382617383 -0.24241781873546309E-007
24.906093906093904 -0.18139162671904074E-007
24.929570429570429 -0.12064763618702123E-007
24.953046953046954 -0.60184279643271665E-008
24.976523476523475 0.0000000000000000
